22
38.96028580856317
5.557874287589899
-26.54250945070512
0.0
-0.0
-0.0
15.1966375782801
13.509258265872244
13.509258265872244
3
22.81436625258294
5.557874287589899
-26.54250945070512
0.0
-0.0
-0.0
15.1966375782801
13.509258265872244
13.509258265872244
3
-22.56585739154502
5.557874287589899
-26.54250945070512
0.0
-0.0
-0.0
14.56607625527149
13.509258265872244
13.509258265872244
3
-38.17702298232835
5.557874287589899
-26.54250945070512
0.0
-0.0
-0.0
14.56607625527149
13.509258265872244
13.509258265872244
3
37.55815747350996
5.557874287589899
-74.95733050758925
0.0
-0.0
-0.0
13.509258265872244
13.509258265872244
13.509258265872244
3
-37.354354668621674
5.557874287589899
-74.20582636315083
0.0
-0.0
-0.0
13.509258265872244
13.509258265872244
13.509258265872244
3
-0.6849946094940621
5.557874287589899
-78.23838005717161
0.0
-0.0
-0.0
21.950657941268894
13.509258265872244
9.232780971159313
3
39.122791678531144
18.777547249877337
-26.54250945070512
0.0
-0.0
-0.0
13.509258265872244
6.975495567991704
13.509258265872244
4
22.81436625258294
18.777547249877337
-26.54250945070512
0.0
-0.0
-0.0
13.509258265872244
6.975495567991704
13.509258265872244
4
-38.35270707569916
18.777547249877337
-26.54250945070512
0.0
-0.0
-0.0
13.509258265872244
6.975495567991704
13.509258265872244
4
-22.044281649750957
18.777547249877337
-26.54250945070512
0.0
-0.0
-0.0
13.509258265872244
6.975495567991704
13.509258265872244
4
-37.354354668621674
18.777547249877337
-74.20582636315083
0.0
-0.0
-0.0
13.509258265872244
6.975495567991704
13.509258265872244
4
37.55815747350996
18.777547249877337
-74.95733050758925
0.0
-0.0
-0.0
13.509258265872244
6.975495567991704
13.509258265872244
4
-0.6849946094940621
18.777547249877337
-78.23838005717161
0.0
-0.0
-0.0
21.950657941268894
6.975495567991704
9.232780971159313
4
-0.6632368226135913
0.1
-78.23172410080353
0.0
-0.0
-0.0
22.36278326573972
1.7868903273607402
9.704180225707805
98
4
-11.84462845548345
0.1
-83.08381421365743
10.518154810256268
0.1
-83.08381421365743
-11.84462845548345
0.1
-73.37963398794963
10.518154810256268
0.1
-73.37963398794963
-30.316699351823026
0.1
-26.40489747975254
0.0
-0.0
-0.0
30.83223506936327
1.8096350563764219
14.027464432793423
98
4
-45.732816886504665
0.1
-33.41862969614925
-14.90058181714139
0.1
-33.41862969614925
-45.732816886504665
0.1
-19.39116526335583
-14.90058181714139
0.1
-19.39116526335583
30.858188366557723
0.1
-26.40514099862625
0.0
-0.0
-0.0
31.544295134689268
1.7602843296964077
14.371200149040183
98
4
15.08604079921309
0.1
-33.59074107314634
46.63033593390236
0.1
-33.59074107314634
15.08604079921309
0.1
-19.21954092410616
46.63033593390236
0.1
-19.21954092410616
-37.345667879382056
0.1
-74.1521587117132
0.0
-0.0
-0.0
14.070975958261391
1.7602843296964077
13.77065768105095
98
4
-44.38115585851275
0.1
-81.03748755223867
-30.31017990025136
0.1
-81.03748755223867
-44.38115585851275
0.1
-67.26682987118772
-30.31017990025136
0.1
-67.26682987118772
37.503047378498586
0.1
-74.92498939450286
0.0
-0.0
-0.0
14.347355061580929
1.7602843296964077
14.081021387361142
98
4
30.329369847708122
0.1
-81.96550008818343
44.67672490928905
0.1
-81.96550008818343
30.329369847708122
0.1
-67.88447870082229
44.67672490928905
0.1
-67.88447870082229
0.0
0.0
-13.409874683594765
0.0
-0.0
-0.0
5.0
5.0
5.0
99
-50.0
0.0
-50.0
0.0
-0.0
-0.0
5.0
5.0
5.0
99
50.0
0.0
-50.0
0.0
-0.0
-0.0
5.0
5.0
5.0
99
